ID	chrom	start	end	num.mark	seg.median.logR	copy.number	call	subclone.status
RP-2258_BRP23854_v1_WGS_OnPrem	1	1000001	248000000	247	0.151022759575297	4	AMP	0
RP-2258_BRP23854_v1_WGS_OnPrem	2	1	100000000	100	0.0209912128449343	3	GAIN	1
RP-2258_BRP23854_v1_WGS_OnPrem	2	100000001	243000000	143	-0.0928619516968999	1	HETD	0
RP-2258_BRP23854_v1_WGS_OnPrem	3	1000001	88000000	87	0.0393206533394287	3	GAIN	1
RP-2258_BRP23854_v1_WGS_OnPrem	3	88000001	171000000	83	0.142033326775518	4	AMP	0
RP-2258_BRP23854_v1_WGS_OnPrem	3	171000001	197000000	26	0.251607457826076	5	HLAMP	0
RP-2258_BRP23854_v1_WGS_OnPrem	4	1	28000000	28	-0.112804325247108	1	HETD	0
RP-2258_BRP23854_v1_WGS_OnPrem	4	28000001	191000000	163	-0.0121186383434673	2	NEUT	0
RP-2258_BRP23854_v1_WGS_OnPrem	5	1000001	10000000	9	0.289176679385866	6	HLAMP2	0
RP-2258_BRP23854_v1_WGS_OnPrem	5	10000001	46000000	36	0.429858200908071	7	HLAMP3	0
RP-2258_BRP23854_v1_WGS_OnPrem	5	50000001	151000000	101	-0.0359721581495253	2	NEUT	0
RP-2258_BRP23854_v1_WGS_OnPrem	5	151000001	180000000	29	-0.118748228815571	1	HETD	0
RP-2258_BRP23854_v1_WGS_OnPrem	6	1000001	39000000	38	0.0525241983536446	3	GAIN	0
RP-2258_BRP23854_v1_WGS_OnPrem	6	39000001	106000000	67	-0.0316556145871857	2	NEUT	0
RP-2258_BRP23854_v1_WGS_OnPrem	6	106000001	161000000	55	0.0654406470547235	3	GAIN	0
RP-2258_BRP23854_v1_WGS_OnPrem	6	161000001	170000000	9	-0.0951414098615044	1	HETD	0
RP-2258_BRP23854_v1_WGS_OnPrem	7	1000001	159000000	158	-0.0209161927028082	2	NEUT	0
RP-2258_BRP23854_v1_WGS_OnPrem	8	1000001	7000000	6	-0.103027180955004	1	HETD	1
RP-2258_BRP23854_v1_WGS_OnPrem	8	8000001	132000000	124	0.0496243813214575	3	GAIN	1
RP-2258_BRP23854_v1_WGS_OnPrem	8	132000001	145000000	13	-0.105651443234381	1	HETD	0
RP-2258_BRP23854_v1_WGS_OnPrem	9	1000001	141000000	140	-0.00874994542299163	2	NEUT	0
RP-2258_BRP23854_v1_WGS_OnPrem	10	1000001	71000000	70	-0.0433746264043267	2	NEUT	0
RP-2258_BRP23854_v1_WGS_OnPrem	10	71000001	135000000	64	-0.0962695973834797	1	HETD	0
RP-2258_BRP23854_v1_WGS_OnPrem	11	1000001	112000000	111	-0.0255155044931623	2	NEUT	0
RP-2258_BRP23854_v1_WGS_OnPrem	11	112000001	135000000	23	-0.123278291243962	1	HETD	0
RP-2258_BRP23854_v1_WGS_OnPrem	12	1000001	87000000	86	-0.00656137704596308	2	NEUT	0
RP-2258_BRP23854_v1_WGS_OnPrem	12	87000001	97000000	10	0.0696475457939557	3	GAIN	0
RP-2258_BRP23854_v1_WGS_OnPrem	12	97000001	134000000	37	-0.109995398002497	1	HETD	0
RP-2258_BRP23854_v1_WGS_OnPrem	13	20000001	114000000	94	-0.0318763469284416	2	NEUT	0
RP-2258_BRP23854_v1_WGS_OnPrem	14	21000001	106000000	85	-0.021398052846465	2	NEUT	0
RP-2258_BRP23854_v1_WGS_OnPrem	15	25000001	102000000	77	-0.058961503626091	1	HETD	1
RP-2258_BRP23854_v1_WGS_OnPrem	16	1000001	90000000	89	-0.0470953369147793	2	NEUT	0
RP-2258_BRP23854_v1_WGS_OnPrem	17	1000001	81000000	80	0.0218640433446721	2	NEUT	0
RP-2258_BRP23854_v1_WGS_OnPrem	18	1	78000000	78	-0.0627976297398149	1	HETD	1
RP-2258_BRP23854_v1_WGS_OnPrem	19	1000001	20000000	19	0.163236615791464	4	AMP	0
RP-2258_BRP23854_v1_WGS_OnPrem	19	21000001	36000000	15	-0.143383689333791	1	HETD	0
RP-2258_BRP23854_v1_WGS_OnPrem	19	36000001	59000000	23	0.0981883817878618	3	GAIN	0
RP-2258_BRP23854_v1_WGS_OnPrem	20	1	63000000	63	-0.0118517397609028	2	NEUT	0
RP-2258_BRP23854_v1_WGS_OnPrem	21	16000001	48000000	32	-0.0169704217659768	2	NEUT	0
RP-2258_BRP23854_v1_WGS_OnPrem	22	19000001	28000000	9	-0.0695956087724836	1	HETD	1
RP-2258_BRP23854_v1_WGS_OnPrem	22	28000001	47000000	19	0.115043387950568	4	AMP	0
RP-2258_BRP23854_v1_WGS_OnPrem	22	47000001	51000000	4	-0.136116834412833	1	HETD	0
RP-2258_BRP23854_v1_WGS_OnPrem	X	4000001	130000000	126	0.016824709566847	3	GAIN	1
RP-2258_BRP23854_v1_WGS_OnPrem	X	130000001	151000000	21	-0.107584654589172	1	HETD	0
