ID	chrom	start	end	num.mark	seg.median.logR	copy.number	call	subclone.status
RP-2258_BRP23737_v1_WGS_OnPrem	1	1000001	208000000	207	-0.0338326414038871	1	HETD	0
RP-2258_BRP23737_v1_WGS_OnPrem	1	208000001	248000000	40	0.042383494911236	3	GAIN	0
RP-2258_BRP23737_v1_WGS_OnPrem	2	1	243000000	243	8.07909222898516e-05	2	NEUT	0
RP-2258_BRP23737_v1_WGS_OnPrem	3	1000001	197000000	196	-2.59685107360312e-05	2	NEUT	0
RP-2258_BRP23737_v1_WGS_OnPrem	4	1	29000000	29	0.0385113014214901	3	GAIN	1
RP-2258_BRP23737_v1_WGS_OnPrem	4	29000001	179000000	150	-0.0011397290823023	2	NEUT	0
RP-2258_BRP23737_v1_WGS_OnPrem	4	179000001	191000000	12	0.101437331019944	4	AMP	0
RP-2258_BRP23737_v1_WGS_OnPrem	5	1000001	12000000	11	0.0876754630249042	4	AMP	0
RP-2258_BRP23737_v1_WGS_OnPrem	5	12000001	148000000	136	-0.00227513007948194	2	NEUT	0
RP-2258_BRP23737_v1_WGS_OnPrem	5	148000001	180000000	32	0.0499331180602078	3	GAIN	0
RP-2258_BRP23737_v1_WGS_OnPrem	6	1000001	11000000	10	0.0122210696913704	2	NEUT	0
RP-2258_BRP23737_v1_WGS_OnPrem	6	11000001	42000000	31	-0.200684650967818	1	HETD	1
RP-2258_BRP23737_v1_WGS_OnPrem	6	42000001	161000000	119	-0.00369474199971663	2	NEUT	0
RP-2258_BRP23737_v1_WGS_OnPrem	6	161000001	170000000	9	0.102947832727755	5	HLAMP	0
RP-2258_BRP23737_v1_WGS_OnPrem	7	1000001	31000000	30	-0.0652963775506345	1	HETD	0
RP-2258_BRP23737_v1_WGS_OnPrem	7	31000001	72000000	41	0.0438608146331062	3	GAIN	0
RP-2258_BRP23737_v1_WGS_OnPrem	7	73000001	124000000	51	-0.0180784115573797	2	NEUT	0
RP-2258_BRP23737_v1_WGS_OnPrem	7	124000001	159000000	35	0.0477344508178932	3	GAIN	0
RP-2258_BRP23737_v1_WGS_OnPrem	8	1000001	6000000	5	0.116538020012929	5	HLAMP	0
RP-2258_BRP23737_v1_WGS_OnPrem	8	6000001	77000000	71	0.0305130001148016	3	GAIN	0
RP-2258_BRP23737_v1_WGS_OnPrem	8	77000001	133000000	56	-0.00672151619550167	2	NEUT	0
RP-2258_BRP23737_v1_WGS_OnPrem	8	133000001	145000000	12	0.101401263643922	5	HLAMP	0
RP-2258_BRP23737_v1_WGS_OnPrem	9	1000001	141000000	140	-0.00270649589670765	2	NEUT	0
RP-2258_BRP23737_v1_WGS_OnPrem	10	1000001	104000000	103	-0.00615742243451405	2	NEUT	0
RP-2258_BRP23737_v1_WGS_OnPrem	10	104000001	135000000	31	0.0520553224653554	3	GAIN	0
RP-2258_BRP23737_v1_WGS_OnPrem	11	1000001	135000000	134	0.0122326112516974	2	NEUT	0
RP-2258_BRP23737_v1_WGS_OnPrem	12	1000001	134000000	133	0.00174710369451651	2	NEUT	0
RP-2258_BRP23737_v1_WGS_OnPrem	13	20000001	28000000	8	0.186699165241441	7	HLAMP3	0
RP-2258_BRP23737_v1_WGS_OnPrem	13	28000001	50000000	22	-0.217327580959513	1	HETD	1
RP-2258_BRP23737_v1_WGS_OnPrem	13	50000001	85000000	35	0.140564663223893	6	HLAMP2	0
RP-2258_BRP23737_v1_WGS_OnPrem	13	85000001	114000000	29	0.178462819253006	7	HLAMP3	0
RP-2258_BRP23737_v1_WGS_OnPrem	14	21000001	106000000	85	-0.00168506780775823	2	NEUT	0
RP-2258_BRP23737_v1_WGS_OnPrem	15	25000001	102000000	77	-0.0351094265150738	1	HETD	0
RP-2258_BRP23737_v1_WGS_OnPrem	16	1000001	90000000	89	-0.0186886715596756	2	NEUT	0
RP-2258_BRP23737_v1_WGS_OnPrem	17	1000001	81000000	80	-0.0530594382138143	1	HETD	0
RP-2258_BRP23737_v1_WGS_OnPrem	18	1	71000000	71	-0.00305851348668468	2	NEUT	0
RP-2258_BRP23737_v1_WGS_OnPrem	18	71000001	78000000	7	0.132085944468589	5	HLAMP	0
RP-2258_BRP23737_v1_WGS_OnPrem	19	1000001	59000000	58	0.00825942910908918	2	NEUT	0
RP-2258_BRP23737_v1_WGS_OnPrem	20	1	63000000	63	-0.0172127945328462	2	NEUT	0
RP-2258_BRP23737_v1_WGS_OnPrem	21	16000001	48000000	32	-0.0286028718806647	2	NEUT	0
RP-2258_BRP23737_v1_WGS_OnPrem	22	19000001	51000000	32	-0.0644581717318781	1	HETD	0
RP-2258_BRP23737_v1_WGS_OnPrem	X	4000001	151000000	147	0.0111390484107036	2	NEUT	0
