ID	chrom	start	end	num.mark	seg.median.logR	copy.number	call	subclone.status
RP-2258_BRP23736_v1_WGS_OnPrem	1	1000001	248000000	247	0.00789298456870343	5	HLAMP	0
RP-2258_BRP23736_v1_WGS_OnPrem	2	1	243000000	243	-0.0119411868534379	2	NEUT	0
RP-2258_BRP23736_v1_WGS_OnPrem	3	1000001	197000000	196	0.000352017589977043	4	AMP	0
RP-2258_BRP23736_v1_WGS_OnPrem	4	1	191000000	191	0.0088639183312218	5	HLAMP	0
RP-2258_BRP23736_v1_WGS_OnPrem	5	1000001	180000000	179	-0.00453439051351403	2	NEUT	0
RP-2258_BRP23736_v1_WGS_OnPrem	6	1000001	170000000	169	0.00664649605337558	5	HLAMP	0
RP-2258_BRP23736_v1_WGS_OnPrem	7	1000001	159000000	158	0.000789154187366392	4	AMP	0
RP-2258_BRP23736_v1_WGS_OnPrem	8	1000001	145000000	144	0.0110597001834548	5	HLAMP	0
RP-2258_BRP23736_v1_WGS_OnPrem	9	1000001	141000000	140	-0.00543751760911055	2	NEUT	0
RP-2258_BRP23736_v1_WGS_OnPrem	10	1000001	135000000	134	0.00203997078781696	4	AMP	0
RP-2258_BRP23736_v1_WGS_OnPrem	11	1000001	135000000	134	0.00635362896007491	4	AMP	0
RP-2258_BRP23736_v1_WGS_OnPrem	12	1000001	134000000	133	-0.00453727590359579	2	NEUT	0
RP-2258_BRP23736_v1_WGS_OnPrem	13	20000001	36000000	16	-0.00861000400402539	3	GAIN	1
RP-2258_BRP23736_v1_WGS_OnPrem	13	36000001	63000000	27	-0.549663925188613	1	HETD	1
RP-2258_BRP23736_v1_WGS_OnPrem	13	63000001	114000000	51	0.00989833067553911	6	HLAMP2	0
RP-2258_BRP23736_v1_WGS_OnPrem	14	21000001	106000000	85	-0.000125514468557274	4	AMP	0
RP-2258_BRP23736_v1_WGS_OnPrem	15	25000001	102000000	77	-0.0127476533812948	2	NEUT	0
RP-2258_BRP23736_v1_WGS_OnPrem	16	1000001	90000000	89	-0.0168434646023786	2	NEUT	0
RP-2258_BRP23736_v1_WGS_OnPrem	17	1000001	81000000	80	-0.00937607507073745	2	NEUT	0
RP-2258_BRP23736_v1_WGS_OnPrem	18	1	78000000	78	-0.00544328838927404	2	NEUT	0
RP-2258_BRP23736_v1_WGS_OnPrem	19	1000001	59000000	58	0.0144269504088895	5	HLAMP	0
RP-2258_BRP23736_v1_WGS_OnPrem	20	1	63000000	63	0.00995459578213381	5	HLAMP	0
RP-2258_BRP23736_v1_WGS_OnPrem	21	16000001	48000000	32	-0.0269755118745419	2	NEUT	0
RP-2258_BRP23736_v1_WGS_OnPrem	22	19000001	51000000	32	-0.0428696831400155	2	NEUT	0
RP-2258_BRP23736_v1_WGS_OnPrem	X	4000001	151000000	147	0.0110553720983321	5	HLAMP	0
